2	2	2	0.0	0.0009999275207519531	0.0010001659393310547
12	15	36	0.002000093460083008	0.013000726699829102	0.013000726699829102
3	4	4	0.0	0.0	0.0009999275207519531
2	2	2	0.0	0.0	0.0
3	4	4	0.0	0.0	0.0009999275207519531
24	31	110	0.007000446319580078	0.05200314521789551	0.09000492095947266
2	2	2	0.0	0.0010001659393310547	0.0
3	4	4	0.0	0.0010001659393310547	0.0
24	31	110	0.0070002079010009766	0.05200314521789551	0.09200501441955566
24	37	165	0.0070002079010009766	0.07200407981872559	0.14300823211669922
42	67	146	0.014000892639160156	0.12400674819946289	0.343019962310791
83	117	422	0.054003000259399414	0.5860335826873779	1.8131036758422852
109	165	784	0.09900546073913574	1.2710728645324707	4.833276271820068
51	81	456	0.029001712799072266	0.35502028465270996	1.1250646114349365
42	67	146	0.01500082015991211	0.12200713157653809	0.33801937103271484
83	117	422	0.05500316619873047	0.5820333957672119	1.8261044025421143
109	165	784	0.12900733947753906	1.5210869312286377	5.275301933288574
51	81	456	0.029001712799072266	0.3560202121734619	1.1340649127960205
3	4	4	0.0009999275207519531	0.0	0.0009999275207519531
123	189	874	0.14400815963745117	1.6690952777862549	6.424367666244507
51	81	456	0.03000164031982422	0.37302160263061523	1.1630666255950928
245	377	3300	0.5800333023071289	12.074690580368042	83.09575295448303
3	4	4	0.0	0.002000093460083008	0.0
123	189	874	0.1910109519958496	2.0881195068359375	7.930453538894653
51	81	456	0.04200243949890137	0.4720268249511719	1.419081211090088
245	377	3300	0.722041130065918	15.499886512756348	85.01586246490479
72	106	349	0.06000375747680664	0.5850334167480469	1.7170982360839844
51	81	456	0.0370020866394043	0.4610264301300049	1.3960795402526855
67	103	663	0.08200478553771973	0.8680496215820312	3.0171725749969482
210	317	3379	0.58803391456604	13.925796270370483	91.79625034332275
72	106	349	0.054003000259399414	0.5100293159484863	1.668095350265503
51	81	456	0.03600192070007324	0.48602795600891113	1.452082872390747
67	103	663	0.06600379943847656	0.8980512619018555	2.9021661281585693
210	317	3379	0.5060291290283203	13.358763933181763	84.11681127548218
83	117	422	0.05900311470031738	0.6650381088256836	2.009114980697632
305	459	2964	0.8480486869812012	14.178810834884644	102.26584935188293
245	377	3300	0.7400422096252441	16.02691650390625	85.62389755249023
273	416	5863	0.8640494346618652	31.31679105758667	229.96915364265442
83	117	422	0.07800436019897461	0.7940454483032227	2.4251387119293213
305	459	2964	1.0200581550598145	18.530059814453125	113.20447492599487
245	377	3300	0.7800445556640625	16.542946338653564	89.66512846946716
273	416	5863	0.6780388355255127	25.340449571609497	239.53970074653625
110	166	688	0.1390080451965332	1.5880908966064453	5.649322986602783
93	145	1243	0.11800670623779297	2.398137092590332	8.44748306274414
210	317	3379	0.5720326900482178	14.013801574707031	93.12732672691345
278	436	6282	1.0980629920959473	33.341907024383545	270.06959867477417
110	166	688	0.1000058650970459	1.1180639266967773	4.2392425537109375
93	145	1243	0.08400487899780273	1.7531001567840576	6.418367147445679
210	317	3379	0.40702342987060547	10.548603296279907	69.69698643684387
278	436	6282	0.7700440883636475	25.83447766304016	207.02884149551392
123	189	874	0.12400698661804199	1.5890908241271973	6.2653584480285645
245	377	3300	0.5580322742462158	11.7726731300354	63.723644733428955
273	416	5863	0.6630380153656006	23.789360523223877	184.80357027053833
79	125	2309	0.11000609397888184	3.113178253173828	9.759558200836182
123	189	874	0.1240072250366211	1.5920910835266113	6.74038553237915
245	377	3300	0.5670325756072998	11.813675880432129	63.688642501831055
273	416	5863	0.6640379428863525	23.796361207962036	184.30154132843018
1303	1950	32430	16.126922607421875	805.3980660438538	10380.185712814331
109	165	784	0.09500527381896973	1.2650723457336426	4.749271869659424
245	377	3300	0.5600318908691406	11.791674613952637	63.62963938713074
278	436	6282	0.7720441818237305	25.816476583480835	206.91683506965637
1407	2128	40232	18.931082725524902	1087.4641995429993	28909.96575307846
109	165	784	0.1610095500946045	1.2630722522735596	4.78627347946167
245	377	3300	0.5580322742462158	11.852677822113037	65.74476027488708
278	436	6282	0.7920453548431396	25.77947425842285	207.6128749847412
3	3	5	0.0010001659393310547	0.0009999275207519531	0.0
10	14	32	0.0010001659393310547	0.016000747680664062	0.016000986099243164
10	15	51	0.002000093460083008	0.01800084114074707	0.02200150489807129
3	3	5	0.0	0.0010001659393310547	0.0009999275207519531
15	23	84	0.0030002593994140625	0.04400229454040527	0.06800413131713867
15	21	76	0.0030002593994140625	0.03800225257873535	0.05300307273864746
3	3	5	0.0010001659393310547	0.0	0.0010001659393310547
20	29	109	0.003000020980834961	0.0870053768157959	0.14600801467895508
20	30	113	0.005000114440917969	0.07300424575805664	0.1390078067779541
20	32	160	0.004000186920166016	0.1000056266784668	0.18601059913635254
25	37	98	0.004000186920166016	0.1240072250366211	0.254014253616333
25	38	155	0.005000114440917969	0.1280074119567871	0.2850160598754883
25	39	209	0.0060002803802490234	0.18501043319702148	0.3690211772918701
25	39	243	0.0060002803802490234	0.18501043319702148	0.37502169609069824
30	47	127	0.003999948501586914	0.17701029777526855	0.5200295448303223
35	55	310	0.009000539779663086	0.356020450592041	1.0280585289001465
35	54	330	0.010000228881835938	0.39402270317077637	1.0360593795776367
35	50	436	0.014000892639160156	0.5680325031280518	1.1610662937164307
40	62	230	0.008000612258911133	0.3650209903717041	1.2400708198547363
40	64	352	0.01000070571899414	0.4740269184112549	1.5660896301269531
40	63	382	0.011000633239746094	0.5030286312103271	1.5690898895263672
40	58	528	0.014000654220581055	0.7200412750244141	1.8071033954620361
45	68	239	0.009000301361083984	0.346019983291626	1.443082332611084
45	68	415	0.011000633239746094	0.6550374031066895	2.12412166595459
45	64	423	0.012000560760498047	0.718041181564331	2.056117534637451
45	72	793	0.019001245498657227	1.0220584869384766	3.2771873474121094
50	76	264	0.011000871658325195	0.4480257034301758	1.915109395980835
50	76	470	0.014000892639160156	0.8140463829040527	2.995171308517456
50	71	527	0.01500082015991211	1.0010573863983154	3.242185354232788
50	79	876	0.044002532958984375	1.4170808792114258	4.417252779006958
55	80	315	0.012000799179077148	0.6890392303466797	2.862163782119751
55	85	535	0.016000747680664062	0.9960570335388184	4.157237768173218
55	85	959	0.026001691818237305	1.6440939903259277	6.195354223251343
55	89	1311	0.03300189971923828	2.007114887237549	7.862449645996094
60	87	349	0.013000965118408203	0.8560488224029541	3.796217203140259
60	93	580	0.016000986099243164	1.193068265914917	5.44931173324585
60	93	1072	0.029001474380493164	2.003114700317383	8.380479335784912
60	97	1395	0.03600192070007324	2.401137590408325	10.770616054534912
65	93	441	0.014000892639160156	1.2340705394744873	5.648323059082031
65	100	931	0.02500128746032715	1.9611122608184814	9.03451657295227
65	103	1280	0.04800271987915039	2.4851419925689697	11.321647644042969
65	106	1489	0.03800201416015625	2.7751588821411133	13.390765905380249
70	101	472	0.015001058578491211	1.432081699371338	7.213412523269653
70	107	987	0.026001691818237305	2.289130687713623	11.805675268173218
70	111	1365	0.040001869201660156	2.86916446685791	14.346820592880249
70	114	1638	0.04300236701965332	3.2721872329711914	17.233985662460327
75	115	661	0.021001338958740234	1.80910325050354	10.732613801956177
75	112	1046	0.029001712799072266	2.6991546154022217	14.543832063674927
75	122	1833	0.047002553939819336	4.054231882095337	22.65229558944702
75	111	1628	0.04500246047973633	4.134236574172974	20.020145177841187
80	122	701	0.022001266479492188	2.176124334335327	14.2448148727417
80	119	1082	0.034002065658569336	3.3981943130493164	18.75207233428955
80	129	1867	0.054003238677978516	4.863277912139893	29.845707416534424
80	118	1775	0.05300283432006836	5.336305379867554	26.654524564743042
85	130	768	0.023001432418823242	2.4661407470703125	16.5879487991333
85	132	1614	0.05500316619873047	4.6002631187438965	29.570691347122192
85	135	1954	0.07000422477722168	5.9353392124176025	37.91316866874695
85	125	1994	0.07800459861755371	7.158409357070923	37.98217248916626
90	138	811	0.04700279235839844	3.096177101135254	23.317333698272705
90	141	1650	0.05700349807739258	5.575318813323975	34.35496497154236
90	145	2120	0.06400394439697266	5.8133323192596436	40.36430883407593
90	134	2302	0.06400370597839355	7.105406284332275	55.97520160675049
95	145	888	0.034001827239990234	4.033231019973755	30.561747789382935
95	148	1759	0.06200361251831055	7.143408536911011	50.945913791656494
95	151	2314	0.08300495147705078	9.03451657295227	67.18984293937683
95	151	3932	0.12500715255737305	14.689840316772461	86.61095380783081
100	152	944	0.029001712799072266	3.604206085205078	30.588749647140503
100	157	1944	0.07800459861755371	8.494486093521118	64.32167887687683
100	160	2547	0.08800506591796875	10.047574996948242	82.15269875526428
100	160	4119	0.1520087718963623	15.347877740859985	121.93397402763367
105	164	1152	0.046002864837646484	5.471312761306763	47.51471781730652
105	163	2038	0.08600473403930664	7.5794336795806885	55.7461884021759
105	155	2599	0.07400393486022949	10.034574031829834	70.36402463912964
105	168	4175	0.13000750541687012	13.093748807907104	103.72793292999268
110	173	1201	0.03500175476074219	4.614264011383057	43.461485862731934
110	171	2106	0.05800342559814453	7.553431987762451	62.90159773826599
100	160	160	0.010000467300415039	3.4331960678100586	5.951340675354004
100	160	2547	0.07000398635864258	7.802446126937866	60.494460344314575
100	160	4119	0.10900640487670898	12.313704013824463	89.9941475391388
105	168	2599	0.07100391387939453	8.469484567642212	69.68998599052429
110	174	2690	0.0740041732788086	9.812561511993408	79.86956834793091
115	182	2846	0.07800436019897461	10.41359543800354	93.56635189056396
115	186	4332	0.11700677871704102	15.401880741119385	136.524808883667
120	190	2975	0.1020057201385498	11.408652544021606	109.21524691581726
120	195	4468	0.1410081386566162	15.991914749145508	157.05198287963867
130	203	4524	0.15600895881652832	18.966084957122803	200.61947464942932
140	219	5380	0.15700888633728027	25.653467416763306	277.3688645362854
150	235	10530	0.2830162048339844	49.73984503746033	565.1693255901337
160	247	11052	0.3020172119140625	57.56929302215576	689.0904138088226
170	261	11836	0.36002063751220703	66.66681337356567	870.5637934207916
180	275	12824	0.39202260971069336	78.21647381782532	1111.3805673122406
190	289	13913	0.3960227966308594	91.41422843933105	1411.111711025238
200	302	14038	0.4320249557495117	99.3006796836853	1612.7052414417267
210	317	14400	0.4520256519317627	109.17224431037903	2232.4866909980774
250	374	24890	0.8600490093231201	227.55801558494568	5668.240204811096
350	532	48251	1.5930910110473633	613.6080961227417	-1
500	765	76735	2.7821590900421143	1526.959337234497	-1
650	967	152491	5.83833384513855	4280.6598398685455	-1
800	1185	169022	6.972398519515991	6266.487326622009	-1
