50	72	263	0.005948781967163086	0.38172316551208496	1.4856345653533936
50	70	454	0.01591634750366211	0.9577960968017578	3.2990777492523193
50	74	485	0.024919509887695312	1.5358834266662598	5.292322397232056
50	71	840	0.05481386184692383	2.471072196960449	8.133404970169067
50	78	1016	0.07072138786315918	3.500147819519043	11.693028450012207
100	153	856	0.020929574966430664	1.5972483158111572	13.676066875457764
100	149	1796	0.055812835693359375	5.653204917907715	43.517932653427124
100	144	1942	0.09169292449951172	10.127264738082886	74.28589606285095
100	151	2364	0.13953304290771484	15.515124082565308	111.91731691360474
100	141	2932	0.1943495273590088	22.517902612686157	155.84268498420715
150	230	2087	0.040862321853637695	7.478673219680786	99.36693120002747
150	225	3272	0.10564517974853516	18.771578550338745	245.64753007888794
150	234	4584	0.19434523582458496	33.857115030288696	467.17882537841797
150	230	7263	0.35979342460632324	57.89580416679382	821.6783859729767
150	220	9994	0.605961799621582	96.74066662788391	1285.4449789524078
200	293	3221	0.0756692886352539	17.95751404762268	342.89000129699707
200	298	7958	0.2461695671081543	57.955206632614136	1080.0230696201324
200	306	9150	0.45144152641296387	102.01493906974792	1981.7776024341583
